Andromeda,9618 7499,7499 5436,5426 4314,4314 3871,3871 5423,5423 7593,6397,5436 3086,3086 3025,3025 3685,3685 4453,3086 676,3086 2906,2906 1470,1470 1363,1363 116439,116439 113366
Antlia,53347 51027,51027 47623,47623 46382,48786,46382 51027
Apus,81602 80819,80819 79805,79805 72144,70025,69673
Aquarius,116605 114362,114362 112601,112601 112357,112357 112776,114362 111359,111359 110049,110049 108728,708728 105936,105936 102287,108728 109657,109657 108793
Aquila,97725 97338,97338 97365,97627,95927,96970 95207,95207 97493,97493 99156,99156 96165,96165 93510,93510 93136,93510 93452,93452 92951,93452 95207
Ara,88439 85530,86219,85829,85530 85053,85053 82898,82898 82826,82826 82112,82112 85467,85467 85008,85008 84999,84999 85530,86529
Aries,92933 9861,9861 8884,8884 8813
Auriga,28287 100576,100576 23361,23361 23398,24549 23712,23712 22961,22961 28309,28309 28288,28288 100576,28288 28287
Bootes,70274 69261,69261 69510,69510 70274,69510 70851,70851 70828,70828 69451,69451 67711,69451 72432,69451 71879,71879 74438,74438 73327,73327 70851
Caelum,23540 21808,21808 21717,21717 71477
Camelopardalis,22987 23467,23467 22730,22730 17917,17917 23467
Cancer,42984 42687,42687 42792,42792 43939,42792 40411
Canes Venatici,62925 61124
Canis Major,82323 33956,33956 33260,33260 33073,33260 32263,32263 30251,30251 31512,31512 33888,33888 33492,33492 33769,33769 34354,34354 34943,34943 35806,34354 33215,33215 32263
Canis Minor,37173 36087
Capricornus,99743 100020,100020 100797,700797 102647,102647 105540,105540 107213,107213 106642,106642 105175,105175 103804,103804 99743
Carina,38713 40921,40921 45425,45425 51428,51428 52268,82268 49958,49958 45106,45106 30365,47866
Cassiopeia,744 3172,3172 4417,4417 6672,6672 8867
Centaurus,64904 67251,67251 68714,68714 69867,69867 68642,68642 68027,68027 71125,71125 73107,68027 67251,67251 67786,67786 66447,66447 68483,68483 71456,66447 61739,59016 55260,61739 59267,59267 56076
Cepheus,116361 105691,105691 112364,112364 116361,105691 104861,104861 102091,102091 100767,104861 106916,106916 109511,109511 109146,109146 110645,110645 112364,108573